0.000000000000000E+000   
 2.01990885473936        
 4.01158087438183        
 6.05371891704486        
 8.03718126449386        
 10.0190947870305        
 12.0540584104674        
 14.0540766952968        
 16.0088796460281        
 18.0512312656265        
 20.0192584511136        
 22.0093474713526        
 24.0428676908348        
 26.0508905506461        
 28.0007870589756        
 30.0314673027280        
 32.0151273988870        
 34.0566879671527        
 36.0500503796673        
 38.0492341859782        
 40.0000000000000        
